{
 "cells": [
  {
   "cell_type": "markdown",
   "metadata": {},
   "source": [
    "<img src=\"http://imgur.com/1ZcRyrc.png\" style=\"float: left; margin: 20px; height: 55px\">\n",
    "\n",
    "# Project 3: Linear Regression and Train/Test Split\n",
    "\n",
    "---"
   ]
  },
  {
   "cell_type": "markdown",
   "metadata": {},
   "source": [
    "# Introduction\n",
    "\n",
    "We've discussed overfitting in the context of bias and variance, and we've touched on some techniques that are used to avoid overfitting (but haven't practiced them yet). In this project, we'll practice a fundamental method for avoiding overfitting that is commonly referred to as: _train/test split validation_. \n",
    "\n",
    "This is similar to something called \"cross-validation\" — in fact, it is a type of cross-validation — in that we will be splitting the data into two subsets:\n",
    "* A subset on which to train our model.\n",
    "* A subset on which to test our model's predictions.\n",
    "\n",
    "This serves two useful purposes:\n",
    "* We prevent overfitting by not using all of the data.\n",
    "* We have some remaining data we can use to evaluate our model.\n",
    "\n",
    "While this may seem like a relatively simple idea, **there are some caveats** to putting it into practice. For example, if you are not careful, it is easy to take a non-random split. Suppose we have salary data on technical professionals that is composed of 80 percent data from California, 20 percent data from elsewhere, and is sorted by state. If we split our data into 80 percent training data and 20 percent testing data, we might inadvertantly select all the California data to train and all the non-California data to test. In this case, we've still overfit on our data set because we did not sufficiently randomize the data.\n",
    "\n",
    "Note: In a situation like this, you could use a technique called _k-fold cross-validation_, which is cross-validation applied to more than two subsets. In particular, in k-fold cross-validation, you'd partition your data into $k$ subsets and train on $k-1$ one of them, holding the last slice for testing. You would do this for each of the possible $k-1$ subsets."
   ]
  },
  {
   "cell_type": "markdown",
   "metadata": {},
   "source": [
    "# Project Requirements\n",
    "\n",
    "The goal of this project will be to create a test-training split to compare multiple models on the same Boston housing data set. For example, you might choose to compare different linear models on the same data.\n",
    "\n",
    "In this project, you'll fit two to three different models on the Boston housing data. For example, you could pick two different subsets of variables, one or more polynomial models, or any other model you'd like. \n",
    "\n",
    "### Here's What We Will Be Doing:\n",
    "\n",
    "* Work with Boston housing data to predict the value of a home\n",
    "* Create a test-train split of the data.\n",
    "* Train your model on the training data.\n",
    "* Evaluate your model on the test data.\n",
    "* Repeat with other variables.\n",
    "* Rank the models by how well they score on the testing data set. \n",
    "* Don't forget to interpret your findings! \n",
    "\n"
   ]
  },
  {
   "cell_type": "markdown",
   "metadata": {},
   "source": [
    "A k-fold cross-validation creates a hold portion of your data set for each iteration of training and validating:\n",
    "\n",
    "![](http://i.imgur.com/0PFrPXJ.png)"
   ]
  },
  {
   "cell_type": "markdown",
   "metadata": {},
   "source": [
    "## Linear Regression\n",
    "\n",
    "As a real estate developer, you are being asked to model the median home price of various houses in the city of Boston using data from the US census. Your goal is to predict a continuous, numeric output (price) based on a combination of discrete features that you choose."
   ]
  },
  {
   "cell_type": "code",
   "execution_count": 183,
   "metadata": {},
   "outputs": [],
   "source": [
    "import matplotlib.pyplot as plt\n",
    "import pandas as pd\n",
    "import numpy as np\n",
    "import seaborn as sns\n",
    "from sklearn.datasets import load_boston\n",
    "from sklearn.model_selection import KFold, cross_val_score, train_test_split\n",
    "from sklearn.linear_model import LinearRegression\n",
    "from sklearn.model_selection import train_test_split\n",
    "from itertools import combinations\n",
    "from matplotlib.pyplot import figure\n",
    "\n",
    "%matplotlib inline"
   ]
  },
  {
   "cell_type": "code",
   "execution_count": 184,
   "metadata": {},
   "outputs": [
    {
     "name": "stdout",
     "output_type": "stream",
     "text": [
      ".. _boston_dataset:\n",
      "\n",
      "Boston house prices dataset\n",
      "---------------------------\n",
      "\n",
      "**Data Set Characteristics:**  \n",
      "\n",
      "    :Number of Instances: 506 \n",
      "\n",
      "    :Number of Attributes: 13 numeric/categorical predictive. Median Value (attribute 14) is usually the target.\n",
      "\n",
      "    :Attribute Information (in order):\n",
      "        - CRIM     per capita crime rate by town\n",
      "        - ZN       proportion of residential land zoned for lots over 25,000 sq.ft.\n",
      "        - INDUS    proportion of non-retail business acres per town\n",
      "        - CHAS     Charles River dummy variable (= 1 if tract bounds river; 0 otherwise)\n",
      "        - NOX      nitric oxides concentration (parts per 10 million)\n",
      "        - RM       average number of rooms per dwelling\n",
      "        - AGE      proportion of owner-occupied units built prior to 1940\n",
      "        - DIS      weighted distances to five Boston employment centres\n",
      "        - RAD      index of accessibility to radial highways\n",
      "        - TAX      full-value property-tax rate per $10,000\n",
      "        - PTRATIO  pupil-teacher ratio by town\n",
      "        - B        1000(Bk - 0.63)^2 where Bk is the proportion of blacks by town\n",
      "        - LSTAT    % lower status of the population\n",
      "        - MEDV     Median value of owner-occupied homes in $1000's\n",
      "\n",
      "    :Missing Attribute Values: None\n",
      "\n",
      "    :Creator: Harrison, D. and Rubinfeld, D.L.\n",
      "\n",
      "This is a copy of UCI ML housing dataset.\n",
      "https://archive.ics.uci.edu/ml/machine-learning-databases/housing/\n",
      "\n",
      "\n",
      "This dataset was taken from the StatLib library which is maintained at Carnegie Mellon University.\n",
      "\n",
      "The Boston house-price data of Harrison, D. and Rubinfeld, D.L. 'Hedonic\n",
      "prices and the demand for clean air', J. Environ. Economics & Management,\n",
      "vol.5, 81-102, 1978.   Used in Belsley, Kuh & Welsch, 'Regression diagnostics\n",
      "...', Wiley, 1980.   N.B. Various transformations are used in the table on\n",
      "pages 244-261 of the latter.\n",
      "\n",
      "The Boston house-price data has been used in many machine learning papers that address regression\n",
      "problems.   \n",
      "     \n",
      ".. topic:: References\n",
      "\n",
      "   - Belsley, Kuh & Welsch, 'Regression diagnostics: Identifying Influential Data and Sources of Collinearity', Wiley, 1980. 244-261.\n",
      "   - Quinlan,R. (1993). Combining Instance-Based and Model-Based Learning. In Proceedings on the Tenth International Conference of Machine Learning, 236-243, University of Massachusetts, Amherst. Morgan Kaufmann.\n",
      "\n"
     ]
    }
   ],
   "source": [
    "#Load Boston data\n",
    "\n",
    "boston = load_boston()\n",
    "\n",
    "df = pd.DataFrame(boston.data, columns=boston.feature_names)\n",
    "df['MEDV'] = boston.target\n",
    "description = boston.DESCR\n",
    "X = df.iloc[:,:-1]\n",
    "y= df['MEDV'] \n",
    "\n",
    "\n",
    "print(description)"
   ]
  },
  {
   "cell_type": "code",
   "execution_count": null,
   "metadata": {},
   "outputs": [],
   "source": []
  },
  {
   "cell_type": "markdown",
   "metadata": {},
   "source": [
    "### REQUIRED: Clean Up Data and Perform Exporatory Data Analysis"
   ]
  },
  {
   "cell_type": "markdown",
   "metadata": {
    "collapsed": true
   },
   "source": [
    "Boston data is from scikit-learn, so it _ought_ to be pretty clean, but you should always perform exploratory data analysis."
   ]
  },
  {
   "cell_type": "code",
   "execution_count": 185,
   "metadata": {},
   "outputs": [
    {
     "data": {
      "text/html": [
       "<div>\n",
       "<style scoped>\n",
       "    .dataframe tbody tr th:only-of-type {\n",
       "        vertical-align: middle;\n",
       "    }\n",
       "\n",
       "    .dataframe tbody tr th {\n",
       "        vertical-align: top;\n",
       "    }\n",
       "\n",
       "    .dataframe thead th {\n",
       "        text-align: right;\n",
       "    }\n",
       "</style>\n",
       "<table border=\"1\" class=\"dataframe\">\n",
       "  <thead>\n",
       "    <tr style=\"text-align: right;\">\n",
       "      <th></th>\n",
       "      <th>CRIM</th>\n",
       "      <th>ZN</th>\n",
       "      <th>INDUS</th>\n",
       "      <th>CHAS</th>\n",
       "      <th>NOX</th>\n",
       "      <th>RM</th>\n",
       "      <th>AGE</th>\n",
       "      <th>DIS</th>\n",
       "      <th>RAD</th>\n",
       "      <th>TAX</th>\n",
       "      <th>PTRATIO</th>\n",
       "      <th>B</th>\n",
       "      <th>LSTAT</th>\n",
       "      <th>MEDV</th>\n",
       "    </tr>\n",
       "  </thead>\n",
       "  <tbody>\n",
       "    <tr>\n",
       "      <th>count</th>\n",
       "      <td>506</td>\n",
       "      <td>506</td>\n",
       "      <td>506</td>\n",
       "      <td>506</td>\n",
       "      <td>506</td>\n",
       "      <td>506</td>\n",
       "      <td>506</td>\n",
       "      <td>506</td>\n",
       "      <td>506</td>\n",
       "      <td>506</td>\n",
       "      <td>506</td>\n",
       "      <td>506</td>\n",
       "      <td>506</td>\n",
       "      <td>506</td>\n",
       "    </tr>\n",
       "    <tr>\n",
       "      <th>mean</th>\n",
       "      <td>3.61352</td>\n",
       "      <td>11.3636</td>\n",
       "      <td>11.1368</td>\n",
       "      <td>0.06917</td>\n",
       "      <td>0.554695</td>\n",
       "      <td>6.28463</td>\n",
       "      <td>68.5749</td>\n",
       "      <td>3.79504</td>\n",
       "      <td>9.54941</td>\n",
       "      <td>408.237</td>\n",
       "      <td>18.4555</td>\n",
       "      <td>356.674</td>\n",
       "      <td>12.6531</td>\n",
       "      <td>22.5328</td>\n",
       "    </tr>\n",
       "    <tr>\n",
       "      <th>std</th>\n",
       "      <td>8.60155</td>\n",
       "      <td>23.3225</td>\n",
       "      <td>6.86035</td>\n",
       "      <td>0.253994</td>\n",
       "      <td>0.115878</td>\n",
       "      <td>0.702617</td>\n",
       "      <td>28.1489</td>\n",
       "      <td>2.10571</td>\n",
       "      <td>8.70726</td>\n",
       "      <td>168.537</td>\n",
       "      <td>2.16495</td>\n",
       "      <td>91.2949</td>\n",
       "      <td>7.14106</td>\n",
       "      <td>9.1971</td>\n",
       "    </tr>\n",
       "    <tr>\n",
       "      <th>min</th>\n",
       "      <td>0.00632</td>\n",
       "      <td>0</td>\n",
       "      <td>0.46</td>\n",
       "      <td>0</td>\n",
       "      <td>0.385</td>\n",
       "      <td>3.561</td>\n",
       "      <td>2.9</td>\n",
       "      <td>1.1296</td>\n",
       "      <td>1</td>\n",
       "      <td>187</td>\n",
       "      <td>12.6</td>\n",
       "      <td>0.32</td>\n",
       "      <td>1.73</td>\n",
       "      <td>5</td>\n",
       "    </tr>\n",
       "    <tr>\n",
       "      <th>25%</th>\n",
       "      <td>0.082045</td>\n",
       "      <td>0</td>\n",
       "      <td>5.19</td>\n",
       "      <td>0</td>\n",
       "      <td>0.449</td>\n",
       "      <td>5.8855</td>\n",
       "      <td>45.025</td>\n",
       "      <td>2.10018</td>\n",
       "      <td>4</td>\n",
       "      <td>279</td>\n",
       "      <td>17.4</td>\n",
       "      <td>375.377</td>\n",
       "      <td>6.95</td>\n",
       "      <td>17.025</td>\n",
       "    </tr>\n",
       "    <tr>\n",
       "      <th>50%</th>\n",
       "      <td>0.25651</td>\n",
       "      <td>0</td>\n",
       "      <td>9.69</td>\n",
       "      <td>0</td>\n",
       "      <td>0.538</td>\n",
       "      <td>6.2085</td>\n",
       "      <td>77.5</td>\n",
       "      <td>3.20745</td>\n",
       "      <td>5</td>\n",
       "      <td>330</td>\n",
       "      <td>19.05</td>\n",
       "      <td>391.44</td>\n",
       "      <td>11.36</td>\n",
       "      <td>21.2</td>\n",
       "    </tr>\n",
       "    <tr>\n",
       "      <th>75%</th>\n",
       "      <td>3.67708</td>\n",
       "      <td>12.5</td>\n",
       "      <td>18.1</td>\n",
       "      <td>0</td>\n",
       "      <td>0.624</td>\n",
       "      <td>6.6235</td>\n",
       "      <td>94.075</td>\n",
       "      <td>5.18843</td>\n",
       "      <td>24</td>\n",
       "      <td>666</td>\n",
       "      <td>20.2</td>\n",
       "      <td>396.225</td>\n",
       "      <td>16.955</td>\n",
       "      <td>25</td>\n",
       "    </tr>\n",
       "    <tr>\n",
       "      <th>max</th>\n",
       "      <td>88.9762</td>\n",
       "      <td>100</td>\n",
       "      <td>27.74</td>\n",
       "      <td>1</td>\n",
       "      <td>0.871</td>\n",
       "      <td>8.78</td>\n",
       "      <td>100</td>\n",
       "      <td>12.1265</td>\n",
       "      <td>24</td>\n",
       "      <td>711</td>\n",
       "      <td>22</td>\n",
       "      <td>396.9</td>\n",
       "      <td>37.97</td>\n",
       "      <td>50</td>\n",
       "    </tr>\n",
       "    <tr>\n",
       "      <th>Unique</th>\n",
       "      <td>504</td>\n",
       "      <td>26</td>\n",
       "      <td>76</td>\n",
       "      <td>2</td>\n",
       "      <td>81</td>\n",
       "      <td>446</td>\n",
       "      <td>356</td>\n",
       "      <td>412</td>\n",
       "      <td>9</td>\n",
       "      <td>66</td>\n",
       "      <td>46</td>\n",
       "      <td>357</td>\n",
       "      <td>455</td>\n",
       "      <td>229</td>\n",
       "    </tr>\n",
       "    <tr>\n",
       "      <th>Null</th>\n",
       "      <td>0</td>\n",
       "      <td>0</td>\n",
       "      <td>0</td>\n",
       "      <td>0</td>\n",
       "      <td>0</td>\n",
       "      <td>0</td>\n",
       "      <td>0</td>\n",
       "      <td>0</td>\n",
       "      <td>0</td>\n",
       "      <td>0</td>\n",
       "      <td>0</td>\n",
       "      <td>0</td>\n",
       "      <td>0</td>\n",
       "      <td>0</td>\n",
       "    </tr>\n",
       "    <tr>\n",
       "      <th>dtype</th>\n",
       "      <td>float64</td>\n",
       "      <td>float64</td>\n",
       "      <td>float64</td>\n",
       "      <td>float64</td>\n",
       "      <td>float64</td>\n",
       "      <td>float64</td>\n",
       "      <td>float64</td>\n",
       "      <td>float64</td>\n",
       "      <td>float64</td>\n",
       "      <td>float64</td>\n",
       "      <td>float64</td>\n",
       "      <td>float64</td>\n",
       "      <td>float64</td>\n",
       "      <td>float64</td>\n",
       "    </tr>\n",
       "  </tbody>\n",
       "</table>\n",
       "</div>"
      ],
      "text/plain": [
       "            CRIM       ZN    INDUS      CHAS       NOX        RM      AGE  \\\n",
       "count        506      506      506       506       506       506      506   \n",
       "mean     3.61352  11.3636  11.1368   0.06917  0.554695   6.28463  68.5749   \n",
       "std      8.60155  23.3225  6.86035  0.253994  0.115878  0.702617  28.1489   \n",
       "min      0.00632        0     0.46         0     0.385     3.561      2.9   \n",
       "25%     0.082045        0     5.19         0     0.449    5.8855   45.025   \n",
       "50%      0.25651        0     9.69         0     0.538    6.2085     77.5   \n",
       "75%      3.67708     12.5     18.1         0     0.624    6.6235   94.075   \n",
       "max      88.9762      100    27.74         1     0.871      8.78      100   \n",
       "Unique       504       26       76         2        81       446      356   \n",
       "Null           0        0        0         0         0         0        0   \n",
       "dtype    float64  float64  float64   float64   float64   float64  float64   \n",
       "\n",
       "            DIS      RAD      TAX  PTRATIO        B    LSTAT     MEDV  \n",
       "count       506      506      506      506      506      506      506  \n",
       "mean    3.79504  9.54941  408.237  18.4555  356.674  12.6531  22.5328  \n",
       "std     2.10571  8.70726  168.537  2.16495  91.2949  7.14106   9.1971  \n",
       "min      1.1296        1      187     12.6     0.32     1.73        5  \n",
       "25%     2.10018        4      279     17.4  375.377     6.95   17.025  \n",
       "50%     3.20745        5      330    19.05   391.44    11.36     21.2  \n",
       "75%     5.18843       24      666     20.2  396.225   16.955       25  \n",
       "max     12.1265       24      711       22    396.9    37.97       50  \n",
       "Unique      412        9       66       46      357      455      229  \n",
       "Null          0        0        0        0        0        0        0  \n",
       "dtype   float64  float64  float64  float64  float64  float64  float64  "
      ]
     },
     "execution_count": 185,
     "metadata": {},
     "output_type": "execute_result"
    }
   ],
   "source": [
    "# Exploratory data analysis.\n",
    "\n",
    "# Include: total nulls, index, data types, shape, summary statistics, and the number of unique values for each column\n",
    "df_exploratory = df.describe(include='all')\n",
    "df_exploratory.loc['Unique'] = df.nunique()\n",
    "df_exploratory.loc['Null'] = df.isna().sum()\n",
    "df_exploratory.loc['dtype'] = df.dtypes\n",
    "\n",
    "df_exploratory"
   ]
  },
  {
   "cell_type": "code",
   "execution_count": 186,
   "metadata": {},
   "outputs": [
    {
     "data": {
      "text/html": [
       "<div>\n",
       "<style scoped>\n",
       "    .dataframe tbody tr th:only-of-type {\n",
       "        vertical-align: middle;\n",
       "    }\n",
       "\n",
       "    .dataframe tbody tr th {\n",
       "        vertical-align: top;\n",
       "    }\n",
       "\n",
       "    .dataframe thead th {\n",
       "        text-align: right;\n",
       "    }\n",
       "</style>\n",
       "<table border=\"1\" class=\"dataframe\">\n",
       "  <thead>\n",
       "    <tr style=\"text-align: right;\">\n",
       "      <th></th>\n",
       "      <th>CRIM</th>\n",
       "      <th>ZN</th>\n",
       "      <th>INDUS</th>\n",
       "      <th>CHAS</th>\n",
       "      <th>NOX</th>\n",
       "      <th>RM</th>\n",
       "      <th>AGE</th>\n",
       "      <th>DIS</th>\n",
       "      <th>RAD</th>\n",
       "      <th>TAX</th>\n",
       "      <th>PTRATIO</th>\n",
       "      <th>B</th>\n",
       "      <th>LSTAT</th>\n",
       "      <th>MEDV</th>\n",
       "    </tr>\n",
       "  </thead>\n",
       "  <tbody>\n",
       "    <tr>\n",
       "      <th>CRIM</th>\n",
       "      <td>1.000000</td>\n",
       "      <td>-0.200469</td>\n",
       "      <td>0.406583</td>\n",
       "      <td>-0.055892</td>\n",
       "      <td>0.420972</td>\n",
       "      <td>-0.219247</td>\n",
       "      <td>0.352734</td>\n",
       "      <td>-0.379670</td>\n",
       "      <td>0.625505</td>\n",
       "      <td>0.582764</td>\n",
       "      <td>0.289946</td>\n",
       "      <td>-0.385064</td>\n",
       "      <td>0.455621</td>\n",
       "      <td>-0.388305</td>\n",
       "    </tr>\n",
       "    <tr>\n",
       "      <th>ZN</th>\n",
       "      <td>-0.200469</td>\n",
       "      <td>1.000000</td>\n",
       "      <td>-0.533828</td>\n",
       "      <td>-0.042697</td>\n",
       "      <td>-0.516604</td>\n",
       "      <td>0.311991</td>\n",
       "      <td>-0.569537</td>\n",
       "      <td>0.664408</td>\n",
       "      <td>-0.311948</td>\n",
       "      <td>-0.314563</td>\n",
       "      <td>-0.391679</td>\n",
       "      <td>0.175520</td>\n",
       "      <td>-0.412995</td>\n",
       "      <td>0.360445</td>\n",
       "    </tr>\n",
       "    <tr>\n",
       "      <th>INDUS</th>\n",
       "      <td>0.406583</td>\n",
       "      <td>-0.533828</td>\n",
       "      <td>1.000000</td>\n",
       "      <td>0.062938</td>\n",
       "      <td>0.763651</td>\n",
       "      <td>-0.391676</td>\n",
       "      <td>0.644779</td>\n",
       "      <td>-0.708027</td>\n",
       "      <td>0.595129</td>\n",
       "      <td>0.720760</td>\n",
       "      <td>0.383248</td>\n",
       "      <td>-0.356977</td>\n",
       "      <td>0.603800</td>\n",
       "      <td>-0.483725</td>\n",
       "    </tr>\n",
       "    <tr>\n",
       "      <th>CHAS</th>\n",
       "      <td>-0.055892</td>\n",
       "      <td>-0.042697</td>\n",
       "      <td>0.062938</td>\n",
       "      <td>1.000000</td>\n",
       "      <td>0.091203</td>\n",
       "      <td>0.091251</td>\n",
       "      <td>0.086518</td>\n",
       "      <td>-0.099176</td>\n",
       "      <td>-0.007368</td>\n",
       "      <td>-0.035587</td>\n",
       "      <td>-0.121515</td>\n",
       "      <td>0.048788</td>\n",
       "      <td>-0.053929</td>\n",
       "      <td>0.175260</td>\n",
       "    </tr>\n",
       "    <tr>\n",
       "      <th>NOX</th>\n",
       "      <td>0.420972</td>\n",
       "      <td>-0.516604</td>\n",
       "      <td>0.763651</td>\n",
       "      <td>0.091203</td>\n",
       "      <td>1.000000</td>\n",
       "      <td>-0.302188</td>\n",
       "      <td>0.731470</td>\n",
       "      <td>-0.769230</td>\n",
       "      <td>0.611441</td>\n",
       "      <td>0.668023</td>\n",
       "      <td>0.188933</td>\n",
       "      <td>-0.380051</td>\n",
       "      <td>0.590879</td>\n",
       "      <td>-0.427321</td>\n",
       "    </tr>\n",
       "    <tr>\n",
       "      <th>RM</th>\n",
       "      <td>-0.219247</td>\n",
       "      <td>0.311991</td>\n",
       "      <td>-0.391676</td>\n",
       "      <td>0.091251</td>\n",
       "      <td>-0.302188</td>\n",
       "      <td>1.000000</td>\n",
       "      <td>-0.240265</td>\n",
       "      <td>0.205246</td>\n",
       "      <td>-0.209847</td>\n",
       "      <td>-0.292048</td>\n",
       "      <td>-0.355501</td>\n",
       "      <td>0.128069</td>\n",
       "      <td>-0.613808</td>\n",
       "      <td>0.695360</td>\n",
       "    </tr>\n",
       "    <tr>\n",
       "      <th>AGE</th>\n",
       "      <td>0.352734</td>\n",
       "      <td>-0.569537</td>\n",
       "      <td>0.644779</td>\n",
       "      <td>0.086518</td>\n",
       "      <td>0.731470</td>\n",
       "      <td>-0.240265</td>\n",
       "      <td>1.000000</td>\n",
       "      <td>-0.747881</td>\n",
       "      <td>0.456022</td>\n",
       "      <td>0.506456</td>\n",
       "      <td>0.261515</td>\n",
       "      <td>-0.273534</td>\n",
       "      <td>0.602339</td>\n",
       "      <td>-0.376955</td>\n",
       "    </tr>\n",
       "    <tr>\n",
       "      <th>DIS</th>\n",
       "      <td>-0.379670</td>\n",
       "      <td>0.664408</td>\n",
       "      <td>-0.708027</td>\n",
       "      <td>-0.099176</td>\n",
       "      <td>-0.769230</td>\n",
       "      <td>0.205246</td>\n",
       "      <td>-0.747881</td>\n",
       "      <td>1.000000</td>\n",
       "      <td>-0.494588</td>\n",
       "      <td>-0.534432</td>\n",
       "      <td>-0.232471</td>\n",
       "      <td>0.291512</td>\n",
       "      <td>-0.496996</td>\n",
       "      <td>0.249929</td>\n",
       "    </tr>\n",
       "    <tr>\n",
       "      <th>RAD</th>\n",
       "      <td>0.625505</td>\n",
       "      <td>-0.311948</td>\n",
       "      <td>0.595129</td>\n",
       "      <td>-0.007368</td>\n",
       "      <td>0.611441</td>\n",
       "      <td>-0.209847</td>\n",
       "      <td>0.456022</td>\n",
       "      <td>-0.494588</td>\n",
       "      <td>1.000000</td>\n",
       "      <td>0.910228</td>\n",
       "      <td>0.464741</td>\n",
       "      <td>-0.444413</td>\n",
       "      <td>0.488676</td>\n",
       "      <td>-0.381626</td>\n",
       "    </tr>\n",
       "    <tr>\n",
       "      <th>TAX</th>\n",
       "      <td>0.582764</td>\n",
       "      <td>-0.314563</td>\n",
       "      <td>0.720760</td>\n",
       "      <td>-0.035587</td>\n",
       "      <td>0.668023</td>\n",
       "      <td>-0.292048</td>\n",
       "      <td>0.506456</td>\n",
       "      <td>-0.534432</td>\n",
       "      <td>0.910228</td>\n",
       "      <td>1.000000</td>\n",
       "      <td>0.460853</td>\n",
       "      <td>-0.441808</td>\n",
       "      <td>0.543993</td>\n",
       "      <td>-0.468536</td>\n",
       "    </tr>\n",
       "    <tr>\n",
       "      <th>PTRATIO</th>\n",
       "      <td>0.289946</td>\n",
       "      <td>-0.391679</td>\n",
       "      <td>0.383248</td>\n",
       "      <td>-0.121515</td>\n",
       "      <td>0.188933</td>\n",
       "      <td>-0.355501</td>\n",
       "      <td>0.261515</td>\n",
       "      <td>-0.232471</td>\n",
       "      <td>0.464741</td>\n",
       "      <td>0.460853</td>\n",
       "      <td>1.000000</td>\n",
       "      <td>-0.177383</td>\n",
       "      <td>0.374044</td>\n",
       "      <td>-0.507787</td>\n",
       "    </tr>\n",
       "    <tr>\n",
       "      <th>B</th>\n",
       "      <td>-0.385064</td>\n",
       "      <td>0.175520</td>\n",
       "      <td>-0.356977</td>\n",
       "      <td>0.048788</td>\n",
       "      <td>-0.380051</td>\n",
       "      <td>0.128069</td>\n",
       "      <td>-0.273534</td>\n",
       "      <td>0.291512</td>\n",
       "      <td>-0.444413</td>\n",
       "      <td>-0.441808</td>\n",
       "      <td>-0.177383</td>\n",
       "      <td>1.000000</td>\n",
       "      <td>-0.366087</td>\n",
       "      <td>0.333461</td>\n",
       "    </tr>\n",
       "    <tr>\n",
       "      <th>LSTAT</th>\n",
       "      <td>0.455621</td>\n",
       "      <td>-0.412995</td>\n",
       "      <td>0.603800</td>\n",
       "      <td>-0.053929</td>\n",
       "      <td>0.590879</td>\n",
       "      <td>-0.613808</td>\n",
       "      <td>0.602339</td>\n",
       "      <td>-0.496996</td>\n",
       "      <td>0.488676</td>\n",
       "      <td>0.543993</td>\n",
       "      <td>0.374044</td>\n",
       "      <td>-0.366087</td>\n",
       "      <td>1.000000</td>\n",
       "      <td>-0.737663</td>\n",
       "    </tr>\n",
       "    <tr>\n",
       "      <th>MEDV</th>\n",
       "      <td>-0.388305</td>\n",
       "      <td>0.360445</td>\n",
       "      <td>-0.483725</td>\n",
       "      <td>0.175260</td>\n",
       "      <td>-0.427321</td>\n",
       "      <td>0.695360</td>\n",
       "      <td>-0.376955</td>\n",
       "      <td>0.249929</td>\n",
       "      <td>-0.381626</td>\n",
       "      <td>-0.468536</td>\n",
       "      <td>-0.507787</td>\n",
       "      <td>0.333461</td>\n",
       "      <td>-0.737663</td>\n",
       "      <td>1.000000</td>\n",
       "    </tr>\n",
       "  </tbody>\n",
       "</table>\n",
       "</div>"
      ],
      "text/plain": [
       "             CRIM        ZN     INDUS      CHAS       NOX        RM       AGE  \\\n",
       "CRIM     1.000000 -0.200469  0.406583 -0.055892  0.420972 -0.219247  0.352734   \n",
       "ZN      -0.200469  1.000000 -0.533828 -0.042697 -0.516604  0.311991 -0.569537   \n",
       "INDUS    0.406583 -0.533828  1.000000  0.062938  0.763651 -0.391676  0.644779   \n",
       "CHAS    -0.055892 -0.042697  0.062938  1.000000  0.091203  0.091251  0.086518   \n",
       "NOX      0.420972 -0.516604  0.763651  0.091203  1.000000 -0.302188  0.731470   \n",
       "RM      -0.219247  0.311991 -0.391676  0.091251 -0.302188  1.000000 -0.240265   \n",
       "AGE      0.352734 -0.569537  0.644779  0.086518  0.731470 -0.240265  1.000000   \n",
       "DIS     -0.379670  0.664408 -0.708027 -0.099176 -0.769230  0.205246 -0.747881   \n",
       "RAD      0.625505 -0.311948  0.595129 -0.007368  0.611441 -0.209847  0.456022   \n",
       "TAX      0.582764 -0.314563  0.720760 -0.035587  0.668023 -0.292048  0.506456   \n",
       "PTRATIO  0.289946 -0.391679  0.383248 -0.121515  0.188933 -0.355501  0.261515   \n",
       "B       -0.385064  0.175520 -0.356977  0.048788 -0.380051  0.128069 -0.273534   \n",
       "LSTAT    0.455621 -0.412995  0.603800 -0.053929  0.590879 -0.613808  0.602339   \n",
       "MEDV    -0.388305  0.360445 -0.483725  0.175260 -0.427321  0.695360 -0.376955   \n",
       "\n",
       "              DIS       RAD       TAX   PTRATIO         B     LSTAT      MEDV  \n",
       "CRIM    -0.379670  0.625505  0.582764  0.289946 -0.385064  0.455621 -0.388305  \n",
       "ZN       0.664408 -0.311948 -0.314563 -0.391679  0.175520 -0.412995  0.360445  \n",
       "INDUS   -0.708027  0.595129  0.720760  0.383248 -0.356977  0.603800 -0.483725  \n",
       "CHAS    -0.099176 -0.007368 -0.035587 -0.121515  0.048788 -0.053929  0.175260  \n",
       "NOX     -0.769230  0.611441  0.668023  0.188933 -0.380051  0.590879 -0.427321  \n",
       "RM       0.205246 -0.209847 -0.292048 -0.355501  0.128069 -0.613808  0.695360  \n",
       "AGE     -0.747881  0.456022  0.506456  0.261515 -0.273534  0.602339 -0.376955  \n",
       "DIS      1.000000 -0.494588 -0.534432 -0.232471  0.291512 -0.496996  0.249929  \n",
       "RAD     -0.494588  1.000000  0.910228  0.464741 -0.444413  0.488676 -0.381626  \n",
       "TAX     -0.534432  0.910228  1.000000  0.460853 -0.441808  0.543993 -0.468536  \n",
       "PTRATIO -0.232471  0.464741  0.460853  1.000000 -0.177383  0.374044 -0.507787  \n",
       "B        0.291512 -0.444413 -0.441808 -0.177383  1.000000 -0.366087  0.333461  \n",
       "LSTAT   -0.496996  0.488676  0.543993  0.374044 -0.366087  1.000000 -0.737663  \n",
       "MEDV     0.249929 -0.381626 -0.468536 -0.507787  0.333461 -0.737663  1.000000  "
      ]
     },
     "execution_count": 186,
     "metadata": {},
     "output_type": "execute_result"
    }
   ],
   "source": [
    "#Print Correlations\n",
    "df.corr()"
   ]
  },
  {
   "cell_type": "code",
   "execution_count": 187,
   "metadata": {},
   "outputs": [
    {
     "data": {
